
Recv: Measured points:
Recv:   0.06000  0.11389  0.16500  0.21333  0.25889  0.30167  0.34167
Recv:   0.06972  0.12467  0.17754  0.22833  0.27705  0.32368  0.36824
Recv:   0.08056  0.13603  0.18992  0.24222  0.29294  0.34208  0.38963
Recv:   0.09250  0.14796  0.20213  0.25500  0.30657  0.35685  0.40583
Recv:   0.10556  0.16047  0.21418  0.26667  0.31794  0.36800  0.41685
Recv:   0.11972  0.17356  0.22606  0.27722  0.32705  0.37553  0.42269
Recv:   0.13500  0.18722  0.23778  0.28667  0.33389  0.37944  0.42333
[...]
