
Send: N13 G81*34
Recv: Num X,Y: 7,7
Recv: Z search height: 5
Recv: Measured points:
Recv:   0.05000  0.10509  0.16120  0.21833  0.27648  0.33565  0.39583
Recv:   0.08000  0.12686  0.17609  0.22769  0.28165  0.33797  0.39667
Recv:   0.10444  0.14785  0.19365  0.24185  0.29245  0.34544  0.40083
Recv:   0.12333  0.16806  0.21389  0.26083  0.30889  0.35806  0.40833
Recv:   0.13667  0.18748  0.23680  0.28463  0.33097  0.37581  0.41917
Recv:   0.14444  0.20612  0.26239  0.31324  0.35868  0.39871  0.43333
Recv:   0.14667  0.22398  0.29065  0.34667  0.39204  0.42676  0.45083
[...]
