
Send: N119 G81*25
Recv: Num X,Y: 7,7
Recv: Z search height: 5
Recv: Measured points:
Recv:   0.05167  0.10602  0.16157  0.21833  0.27630  0.33546  0.39583
Recv:   0.07444  0.12416  0.17561  0.22880  0.28372  0.34039  0.39880
Recv:   0.09583  0.14329  0.19243  0.24324  0.29573  0.34990  0.40574
Recv:   0.11583  0.16343  0.21204  0.26167  0.31231  0.36398  0.41667
Recv:   0.13444  0.18456  0.23443  0.28407  0.33348  0.38264  0.43157
Recv:   0.15167  0.20669  0.25962  0.31046  0.35922  0.40588  0.45046
Recv:   0.16750  0.22981  0.28759  0.34083  0.38954  0.43370  0.47333
[...]
