
Send: N137 G81*21
Recv: Num X,Y: 7,7
Recv: Z search height: 5
Recv: Measured points:
Recv:   0.04750  0.10074  0.15491  0.21000  0.26602  0.32296  0.38083
Recv:   0.06185  0.11394  0.16672  0.22019  0.27434  0.32919  0.38472
Recv:   0.07713  0.12900  0.18113  0.23352  0.28616  0.33906  0.39222
Recv:   0.09333  0.14593  0.19815  0.25000  0.30148  0.35259  0.40333
Recv:   0.11046  0.16471  0.21777  0.26963  0.32030  0.36977  0.41806
Recv:   0.12852  0.18536  0.23999  0.29241  0.34261  0.39061  0.43639
Recv:   0.14750  0.20787  0.26481  0.31833  0.36843  0.41509  0.45833
