Send: N493 G81*30
Recv: Num X,Y: 7,7
Recv: Z search height: 5
Recv: Measured points:
Recv:   0.05250  0.09528  0.14333  0.19667  0.25528  0.31917  0.38833
Recv:   0.04130  0.08866  0.14021  0.19593  0.25582  0.31990  0.38815
Recv:   0.04074  0.08990  0.14283  0.19954  0.26002  0.32428  0.39231
Recv:   0.05083  0.09898  0.15120  0.20750  0.26787  0.33231  0.40083
Recv:   0.07157  0.11592  0.16533  0.21981  0.27937  0.34400  0.41370
Recv:   0.10296  0.14070  0.18521  0.23648  0.29453  0.35934  0.43093
Recv:   0.14500  0.17333  0.21083  0.25750  0.31333  0.37833  0.45250
[...]
