
Send: N285 G81*31
Recv: Num X,Y: 7,7
Recv: Z search height: 5
Recv: Measured points:
Recv:   0.08417  0.14167  0.19361  0.24000  0.28083  0.31611  0.34583
Recv:   0.10000  0.15665  0.20927  0.25787  0.30245  0.34300  0.37954
Recv:   0.11333  0.16976  0.22304  0.27315  0.32010  0.36390  0.40454
Recv:   0.12417  0.18102  0.23491  0.28583  0.33380  0.37880  0.42083
Recv:   0.13250  0.19041  0.24489  0.29593  0.34353  0.38770  0.42843
Recv:   0.13833  0.19794  0.25297  0.30343  0.34930  0.39060  0.42731
Recv:   0.14167  0.20361  0.25917  0.30833  0.35111  0.38750  0.41750
[...]
